MAP: 0.295159646624
MRR: 0.481619952357
