MAP: 0.208387942326
MRR: 0.375238361546
