MAP: 0.305284588275
MRR: 0.503407392665
