MAP: 0.0235344350799
MRR: 0.0305870028109
