MAP: 0.311295362834
MRR: 0.513756894001
