MAP: 0.156864456072
MRR: 0.259842468074
