MAP: 0.194776927976
MRR: 0.340602526325
