MAP: 0.34269624155
MRR: 0.541023892196
