MAP: 0.308719822679
MRR: 0.514672567016
